68 -40 40 16 -16 12 -16 4 0 16 -8 4 0 0 0 0 0 0 0 0 0 0 0 0 0 0 0 0 0 0 0 0 0
-12 28 -28 32 -32 28 12 0 8 -8 -4 0 0 8 -12 16 -16 8 -8 16 -12 12 -16 4 -20 20 -16 12 -24 20 -24 36 -16 28 -48 20 -64 56 -52 28 -48 40 -44 60 -44 56 -48 52 -48 44 -48 52 -48 36 -24 80 -72 141 -133 165 -157 157 -145 137 -157 153 -133 169 -177 185 -189 197 -165 206 -173 185 -145 169 -169 177 -202 307 -214 262 -278 315 -286 359 -424 371 -525 755 -610 1187 -840 832
-12 28 -28 64 -84 64 -64 72 -48 44 -36 68 -68 64 -44 56 -48 52 -52 32 -28 36 -36 40 -48 52 -32 44 -40 40 -36 48 -40 44 -40 68 -64 88 -80 76 -76 68 -68 76 -72 68 -68 72 -72 80 -80 76 -72 84 -72 64 -60 60 -52 56 -52 52 -52 60 -32 52 -52 52 -52 48 -36 44 -44 40 -48 48 -32 48 0 0 -4 0 0 28 -28 76 -52 68 0 28 0 0 -8 0 0 0 0 12 0 0 -20 0 0 0 0 24 0 0 -20 4 -16 0 -20 24 -8 141 -137 121 -105 105 -92 105 -113 105 -129 105 -109 113 -141 145 -149 145 -149 149 -165 173 -169 161 -173 169 -169 153 -165 153 -197 206 -210 210 -218 197 -206 222 -206 169 -193 202 -202 157 -222 185 -218 222 -218 214 -254 210 -222 189 -214 210 -234 254 -266 246 -254 254 -266 250 -250 250 -250 351 -327 307 -343 343 -351 311 -319 323 -323 323 -311 327 -315 339 -355 307 -327 343 -347 347 -359 355 -343 339 -355 327 -339 315 -343 347 -327 347 -347 343 -327 307 -339 339 -359 339 -363 351 -343 339 -359 367 -242 315 -343 347 -339 347 -359 298 -347 339 -343 359 -347 347 -343 335 -335 355 0 0
-16 28 -28 20 -32 36 4 4 12 -8 4 -4 12 -12 -4 0 24 -40 36 -28 36 -4 12 -16 -8 12 0 12 0 8 0 -4 4 4 -8 0 -12 0 -4 4 0 0 -8 8 0 0 0 0 0 12 -16 20 0 8 0 0 0 8 -8 24 -28 24 -24 16 -20 28 0 0 -8 0 0 0 0 0 0 0 0 0 0 0 0 0 0 0 0 0 0 8 0 0 -20 24 0 24 -52 24 0 0 0 40 0 206 0 210 -214 226 0 185 0 0 0 0 0 0 0 0 0 0 0 327 -331 339 -105 96
-24 48 -44 40 -28 40 -44 32 -44 28 -44 52 -48 44 0 0 -8 12 -20 4 -20 16 -16 36 -24 40 -36 52 -64 68 -68 64 -32 48 -32 40 -32 40 -40 36 0 4 -44 76 -101 113 -109 206 -250 246 -222 242 -230 218 -218 262 -303 371 -355 375 -319 274 -408 319 -343 440 -444 448 -424 460 -472 452 -460 476 -464 464 -484 476 -476 577 -448 561 -513 533 -541 686 -694 735 -779 727 -686 860 -832 977 -860 896 -860
-24 48 -36 48 -24 48 -40 44 -44 28 -20 40 -40 28 -24 8 -12 20 -12 4 0 8 -16 0 -28 52 0 28 20 36 -32 20 -24 24 -28 36 -16 16 -32 36 -20 12 -36 32 -20 24 -24 20 -24 20 -8 20 -32 48 -44 48 -40 32 -44 52 -48 52 -44 68 -64 68 -60 76 -60 60 -56 72 -60 80 -76 76 -60 48 -52 76 -28 0 0 28 -16 20 -40 36 -16 32 -40 28 -28 28 -24 28 -24 24
-24 48 -44 44 -20 28 0 24 -28 44 -48 52 -32 48 -52 56 -52 52 -44 52 -44 40 -44 48 -48 40 -28 40 -40 40 -40 40 -48 40 -36 40 -44 48 -52 68 -68 76 -44 72 -60 72 -64 64 -68 64 -64 68 -64 68 -64 60 -56 64 -68 56 -68 60 -60 64 -64 64 -56 60 -72 64 -60 60 -64 68 -52 56 -68 64 -68 68 -60 60 -68 52 -52 84 -68 56 -80 84 -72 101 -84 64 -76 56 -88 44 -56 64 -60 40 -52 56 -28 64 -56 56 -36 56 -40 32 -40 48 -60 60 -44 40 -60 40 -56 36 0
-12 28 -28 32 -32 28 -32 36 -48 48 -36 40 -24 36 -20 24 -24 36 -24 36 -24 24 -28 32 -12 20 -24 20 -16 20 -12 56 -20 0 -36 52 -44 44 -44 52 -44 40 -32 20 -40 48 -68 149 -137 113 -121 113 -206 185 -193 181 -193 189 -173 193 -193 189 -193 189 -218 238 -226 246 -234 254 -250 270 -278 274 -270 298 -290 294 -311 319 -311 323 -339 323 -339 387 -432 432 -496 480 -468 505 -440 533 -501 712 -670 735 -642 800 -545 565 -732
-24 48 -44 44 -12 20 -40 60 -44 52 -68 48 -40 52 -44 48 -44 44 -20 24 -28 40 -32 24 -28 32 -28 36 0 12 0 16 0 16 0 20 -32 28 -16 36 -36 24 -32 32 -20 32 -32 16 -28 28 -32 12 -16 12 -12 28 -24 12 -8 24 0 0 0 20 0 0 0 0 0 0 0 0
-24 72 -52 60 -28 64 -76 56 -52 44 -40 64 -44 56 -28 44 -44 48 -24 32 -36 4 -24 48 12 -36 -12 56 0 0 0 0 0 52 0 28 -4 16 -28 28 -12 28 -20 36 -20 16 -24 40 -16 28 -40 52 0 36 -8 28 -32 20 -36 20 -20 32 -36 32 -60 92 -36 28 -36 44 -44 44 -44 48 -44 44 -28 44 -48 44 -20 40 -40 28
-24 24 -28 32 -36 20 -28 32 -36 48 -40 44 -52 40 -4 24 -8 8 -12 4 12 8 -12 12 -20 0 -4 16 4 8 0 4 -12 8 -24 28 -24 40 -20 32 -24 24 -20 24 -24 40 -24 48 -44 60 -60 68 -52 64 -64 60 -68 72 -68 68 -72 68 -52 80 -84 101 -76 88 0 185 -137 169 -157 197 -121 218 -36 56 -64 80 -52 68 -64 72 -60 52 -68 84 -64 60 -64 68 -48 72 -68 84 -68 113 -117 125 -76 80 -68 92 -72 60 -68 60 -60 72 -88 76 -72 56 -96 92 -84 80 -96 109 -80 109 -105 109 -105 109 -117 117 -80 96 -96 121 -113 96 -105 153 -161 157 -177 157 -193 189 -177 181 -173 181 -173 238 -266 290 -266 286 -286 282 -278 278 -250 307 -290 290 -298 307 -206 206 -226 270 -367 400 -391
-12 28 -16 44 -32 56 -48 40 -40 40 -44 68 -68 40 -4 24 -8 20 -20 12 -24 28 -20 4 -12 0 0 0 0 0 0 0 0 0 24 0 0 0 0 -20 8
-24 24 -28 32 -16 44 -12 20 -20 28 -12 0 -16 20 4 8 16 4 4 -4 0 20 -4 -8 0 -12 -32 32 -36 48 -44 40 -40 48 -24 48 -76 92 -72 121 -121 117 -121 125 -133 117 -145 149 -149 157 -149 153 -153 153 -153 157 -153 161 -161 169 -189 185 -173 181 -173 189 -222 250 -202 307 -307 282 -294 286 -290 307 -311 335 -355 294 -294 416 -432 347 -420 464 -351 395 -383 359 -383 408 -420 476 -517 553 -545 610 -622 646 -646 654 -694 642 -682 658 -727 678 -816 763 -743 828 -820 844 -840 864 -892 921 -925 876 -1030 901 -1014 1668 -1353 1410 -1834 1886 -1987 3175 -8397
-24 24 -28 32 -16 44 -12 20 -20 28 -12 0 -16 20 4 8 -16 4 16 0 20 -12 0 32 -8 0 -12 4 0 12 4 0 0 -24 20 -16 12 -4 24 -32 16 -28 52 -16 28 -28 12 -24 24 -24 20 -8 12 -24 32 -36 28 -12 0 0 0 -8 8 -24 0 -16 12 -8 12 -24 8 -24 4 0 0 0 16 0 0 0 0 0 0 0 0 0 0 0 16 0 0 0 0 0 0 0 0 0 0 0 0 0 0 0 0 0 0 0 0 0 0 0 0 0 0 0 0 0 0 0 0 0 0 0 0 0 0 0 0 0 0 0 0 0 0
-16 20 -28 52 -40 36 -28 48 -40 40 -44 68 -68 40 -4 24 0 -4 12 -12 16 -12 0 0 0 -4 24 4 0 12 8 109 -88 96 -72 173 -169 165 -177 121 -84 129 -129 234 -169 173 -234 109 -226 311 -331 339 -339 351 -335 339 -343 355 -347
-24 24 -28 32 -16 44 -24 32 -48 80 -80 68 -72 76 -88 64 -60 72 -60 56 -60 48 -44 56 -40 36 -28 40 -28 12 0 36 0 0 0 0 0 0 0 0 0 0 0 -32 44 -4 0 0 28 -36 36 -28 44 -44 36 -48 40 -56 52 -72 72 -80 72 -52 88 -48 76 -56 64 -52 56 -60 48 -16 64 -48 36 -32 28 -72 56 -44 40 -32 44 -48 48 -24 60 -52 44 0
-16 0 -4 8 36 -8 24 -12 0 -8 12 -8 28 -12 20 -24 8 0 0 0 -12 0 -8 4 4 0 0 0 0 16 -8 16 -20 24 0 20 -8 20 -16 20 -20 8 -20
-12 28 -28 32 24 -24 16 0 8 40 -8 32 4 -16 0 -12 24 -24 8 0 0 16 -4 16 16 8 4 -4 12 -4 28 0 24 0 0 0 0 12 0
-24 24 -28 32 -16 44 -24 32 -24 20 8 -8 0 4 -12 0 36 -20 8 -8 32 -4 32 12 0 0 16 -16 40 -20 24 -16 48 -52 52 -40 64 -56 64 -64 72 -64 76 -64 84 -88 84 -96 129 -105 101 -109 129 -125 133 -153 165 -169 149 -161 145 -161 153 -157 169 -149 185 -169 177 -177 157 -197 133 -202 206 -197 193 -218 258 -226 270 -193 234 -234 234 -234 230 -238 222 -246 238 -258 262 -234 266 -246 222 -230 246 -270 270 -258 286 -274 274 -282 258 -270 274 -278 262 -270 270 -266 282 -294 282 -335 327 -323 355 -351 303 -278
-24 48 -44 40 -48 48 -40 48 -44 28 -44 52 -48 44 0 -4 -8 32 -28 20 -36 32 -28 24 -32 20 -8 20 0 0 -16 12 -20 28 -48 24 -24 16 -36 40 -48 56 -28 56 -36 40 -40 32 -20 40 -12 0 0 0 0 0 0 4 0 8 0 20 -16 28 -24 0 0 0 0 0 0 0 0 0 0 0 0 0 0 16 0 0 0 0 0 0 0 0 0 0 0 0 -20 24 -32 28 -28 36 -44 40 -28 24 -40 24 -24 24 -24 32 -32 32 0 0 0 20 0 32 -32 60 -56 64 -60 56 -56 60 -72 72 -76 72 -72 72 -72 72 -68 72 -72 72 -72 72 -72 68
-12 28 -20 56 -48 60 -28 48 -40 40 -36 68 -56 52 -56 44 -44 36 -28 36 -36 16 -24 8 0 0 12 -16 0 0 0 0 0 0 -12
-24 48 -44 40 -48 48 -40 48 -44 28 -44 52 -48 44 0 -4 -8 32 -28 20 -36 32 -28 24 -32 16 -24 36 -12 28 0 0 -16 24 -32 44 -28 44 -20 101 -28 40 -20 64 -48 56 -60 56 -56 72 -56 72 -72 84 -80 145 -141 157 -141 185 -173 189 -197 230 -282 282 -242 274 -331 371 -339 395 -379 416 -391 525 -383 501 -391 395 -375 452 -480 440 -521 553 -428 569 -561 622 -614
-20 16 -36 32 -48 28 -28 44 -32 28 -28 40 -48 36 -32 40 -44 60 -44 92 -76 92 -84 68 -68 56 -56 56 -56 44 -40 32 -44 40 -52 48 -52 48 -56 64 -56 60 -48 52 -64 80 -84 84 -84 88 -88 92 -92 96 -92 92 -92 92 -92 105 -101 92 -96 101 -96 101 -96 101 -84 92 -72 101 -88 96 -76 88 -80 68 -68 76 -68 68 -76 76 -80 80 -80 92 -105 68 -40 60 0 0 12 0 36 -32 32 -36 40 -32 28 -32 32 -28 32 -24 28 -28 20 -32 32 -32 24 -36 32 -32 36 -36 36 -28 36 -24 28 -28 32 -28 36 -28 32 -28 36 -28 28 -20 32 -24 20 -32 20 -28 32 -32 36 -36 32 -28 36 -36 28 -36 28 -32 20 -28 32 -24 32 -24 36 -32 32 -36 36 -32 24 -20 24 -32 32 -24 20 -32 32 -36 28 -32 32 -24 24 -28 16 -28 24 -40 36 -36 24 -28 28 -44 56 -52 52 -52 64 -56 56 -52 76 -72 96 -96 117 -109 125 -117 113 -129 133 -117 145 -133 133 -153 161 -141 185 -185 206 -218 238 -230 214 -214 222 -197 226 -193 226 -218 230 -234 234 -206 230 -238 238 -254 246 -250 250 -250 254 -262 496 -400 424 -585 698 -569
-12 28 -28 32 -32 44 -44 48 -40 40 -44 68 -68 40 -4 28 -28 16 -4 12 -8 28 -40 24 -12 28 -16 16 -20 24 -20 28 -32 60 -32 72 -48 44 -56 68 -60 16 -80 60 0 0 0 36 -16 0 -20 0 0 8 -109 133 -113 80 0 0 -8 125 -109 125 -105 96 -101 133 -109 96 -113 133 -117 133 -109 129 -121 121 -133 137 -133 105 -117 109 -121 92 -121 105 -117 121 -133 193 -117 80 -161 149 -76 133 -64 92 -121 96 -84 105 -101 105 -60 113 -117 125 -117 113 -137 129 -125 133 -84 129 -125 117 -96 105 -44 0 0 0 0
-24 48 -44 44 -12 20 -40 36 -44 76 -60 68 -36 44 -32 56 -52 48 -48 48 -24 48 -48 56 -40 40 -36 48 -32 40 -44 48 -36 56 -44 36 -44 36 -16 32 -20 36 -16 20 -24 48 -40 52 -44 40 -36 40 -20 16 -12 0 -24 16 -12 16 0 12 0 0 0 4 -12 8 -8 0 -16 0 -20 40 0 16 0 44 -16 0 0 44 0 0 0 0 0 0 0 0 0 0 0 0 0 0 0 0 0 0 0 0 0 0 0 0 0 0 0 0 0 0 0 0 0 0 0 0
-24 24 -28 32 -16 44 -12 20 -20 28 -12 0 -16 20 4 20 -28 48 -20 16 -36 72 -32 20 -36 40 -52 56 -56 48 -36 44 -40 32 -52 68 -56 76 -60 68 -68 68 -60 52 -64 64 -56 76 -68 56 -48 56 -44 0 -4 0
-24 24 -28 32 -16 44 -12 20 -20 36 -48 36 -12 12 -4 20 -32 24 -32 40 -20 24 -16 28 -12 16 -28 24 -32 28 -28 36 -36 28 -40 40 0 12 -4 20 -8 8 -16 0 -12 20 0 24 0 44 -28 16 -32 44 -68 64 -44 60 -48 68 -44 44 -56 92 -88 72 -60 84 -92 96 -101 101 -96 84 -92 72 -96 84 -113 105 -117 133 -92 125 -113 129 -129 125 -105 149 -145 133 -129 149 -137 141 -153 157 -137 169 -125 153 -149 157 -149 141 -161 133 -157 153 -145 157 -117 145 -161 161 -165 157 -181 169 -161 165 -177 202 -193 206 -185 202 -177 173 -193 185 -197 193 -214 189 -189 210 -189 177 -189 206 -189 218 -185 202 -234 226 -206 222 -250 262 -234 303 -311 335 -331 331 -335 327 -395 339 -412 468 -408 480 -395 448 -488 456 -464 472 -577 597 -521 618 -589 577 -690 589 -674 783 -783
-12 28 -28 32 -24 36 -28 48 -40 40 -44 68 -68 40 -4 28 -28 16 -4 12 -8 28 8 12 0 0 -4 0 20 -20 40 -44 40 -48 56 -52 121 -113 137 -129 153 -149 177 -153 165 -165 278 -282 246 -262 327 -347 363 -331 311 -347 359 -404 371 -448 391 -412 492 -452 472 -513 585 -593 622 -646
