8 8 0 4 32 -28 12 -16 8 -4 20 -20 16 -32 20 -8 8 -12 12 0 4 0 0 -8 12 0 0 16 0 0 0 0 -8 8 0 12 -12 8 0 40 8 0 0 8 -24 16 0 16 0 0 0 -12 24 -24 12
-24 44 -24 40 -12 48 -28 16 -20 24 -8 12 -4 24 -12 32 -20 32 -20 40 -24 28 -12 12 -40 32 -28 44 -36 36 -36 48 -32 36 -48 20 -28 40 -44 24 -36 32 -32 40 -24 40 -36 40 -24 32 -36 32 -32 40 -40 40 -32 44 -40 40 -40 48 -56 48 -32 40 -48 36 -36 36 -32 44 -40 48 -52 44 -36 36 0 36 -36 24 -40 32 -36 60 -32 36 -36 32 -36 36 -28 36 0 36 -28 28 -24 16 -28 16 -36 40 0 0 0 0 0 16 -36 28 -36 20 -40 24 -36 16 -36 32 -44 24 -32 24 -24 32 -28 24 -44 28 -44 36 -16 28 -32 28 -40 44 -40 36 -40 44 -36 44 -40 32 -28 44 -36 36 -48 36 -28 56 -40 40 -36 40 -36 40 -44 56 -36 24 -40 36 -36 40 -36 24 -28 36 -16 16 -48 40 -40 36 -52 40 -52 36 -40 44 -48 44 -52 40 -44 52 -40 44 -48 44 -36 40 -40 44 -36 44 -48 36 -40 44 -44 40 -32 44 -52 44
-24 44 -24 40 -12 48 -28 16 -20 24 -8 12 -4 24 -8 12 -12 16 0 4 -8 4 -8 8 0 4 0 -12 4 0 -16 16 0 -24 20 -24 12 -4 28 -4 32 -40 36 -52 32 -32 40 -28 56 -24 60 -68 68 -56 52 -64 72 -80 60 -72 68 -72 88 -84 109 -92 173 -141 185 -153 129 -149 189 -226 294 -218 181 -197 214 -161 206 -177 185 -254 185 -270 210 -319 303 -331 294 -242 331 -323 379 -408 408 -412 416 -501 517 -565
-16 8 -24 56 -48 44 -28 40 -52 40 -56 44 -48 48 -28 28 -36 56 -12 40 -36 48 -28 40 -28 28 -4 32 -16 12 -20 16 0 48 -52 72 0 16 -8 32 0 72 -56 4 -56 28 -105 125 -40 76 -105 92 -113 105 -101 101 -137 133 -129 129 -129 137 -137 145 -129 137 -145 145 -137 177 -153 129 -165 181 -145 145 -169 137 -129 113 -133 149 -161 153 -133 149 -145 129 -149 153 -157 165 -153 165 -169 165 -161 161 -137 218 -169 189 -189 290 -311 298 -274 290 -298 303 -270 303 -298 355 -367 367 -323 355 -367 420 -573 496 -549 557 -589 569 -670 581 -557 698 -670 836 -1478 1684 -1987 7708 -8428 9034 -9039
-24 24 -40 56 -20 48 -8 24 -36 16 -28 0 0 28 -48 0 -16 60 -24 16 -16 40 -20 24 -16 20 -32 40 -12 28 -20 88 -56 68 -72 60 -64 60 -76 72 -84 88 -68 84 -80 88 -48 44 -24 44 -44 44 -44 32 -44 36 -40 44 -28 8 -20 8 -8 12 0 0 0 1202 0 0 0 355 0 335 0 0 0 0
-24 44 -24 40 -12 48 -28 44 -28 84 -84 64 -72 72 -64 68 -72 76 -68 84 -68 80 -56 60 -44 72 -72 80 -56 60 -36 76 -12 28 -48 40 -40 40 -16 12 -12 28 -28 28 -28 0 -8 12 0 0 0 0 0 0 105 0 56 -48 48 0 52 -28 16 0 0 0 0 0 0 0 0 0 0 0
-16 12 -28 32 -28 32 -40 32 -36 40 -36 48 -48 52 -40 44 -28 24 -32 40 -48 40 -24 44 -40 36 -32 36 -32 32 -24 28 -20 8
-24 44 -24 40 -12 48 -28 16 -20 24 -8 12 -4 24 -8 32 -48 32 -16 28 -40 64 -48 76 -48 60 -44 68 -56 88 -80 101 -88 92 -88 101 -88 84 -84 88 -92 72 -60 88 -80 84 -76 80 -68 88 -92 92 -105 113 -92 101 -88 96 -117 101 -88 101 -92 88 -101 117 -96 109 -129 133 -125 129 -129 121 -149 161 -149 169 -153 161 -161 157 -169 189 -181 197 -169 177 -230 222 -254 250 -230 286 -298 359 -355 311 -363 379 -343 400 -412 412 -440 464 -464 464 -484 513 -541 581 -565 581 -537 759 -577
-24 24 -40 28 -36 40 -44 44 -44 52 -44 44 -20 20 -16 12 0 0 -8 -4 32 28 36 -28 36 0 32 -28 36 -16 48 -40 20 -32 40 -16 32 -52 48 -48 52 -52 64 -44 72 -68 56 -56 60 -60 68 -60 68 -84 113 -105 52 -92 109 -105 109 -145 121 -173 169 -173 197 -165 210 -222 202 -210 226 -218 218 -242 246 -218 274 -262 270 -270 270 -282 290 -298 319 -319 307 -351 343 -347 347 -343 351 -359 448 -472 505 -492 492 -484 513 -561 573 -703 751 -779 763 -917
-16 8 -24 32 -36 28 0 -8 16 8 0 8 0 0 12 -12 8 0 8 -16 12 -4 8 -8 16 -12 8 0 12 -4 0 0 12 -4 12 -12 4 0 4 -8 16 -4 4 4 0 0 0 20 -8 36 -24 28 -32 52 -48 56 -8 0 0 56 0 0 16 72 16 80 -101 105 -88 84 -101 105 -96 92 -117 113 -113 101 -101 121 -80 88 -84 64 -80 76 -28 92 -76 80 -121 0 -125 137 -226 238 -210 197 -189 230 -246 210 -246 311 -331 420 -371 416 -375 387 -416 408 -424 428 -416 424 -420 408 -440
-24 44 -24 40 -12 48 -28 16 -20 24 -8 12 -4 24 -8 32 -8 -4 8 0 0 12 -16 8 -20 12 -12 12 -8 8 0 16 0 16 0 24 0 24 0 0 -12 0 0 48 0 0 16 36 -28 44 -24 12 -24 0 0 28 0 12 0 0 0 0 -12 0 -24 4 -8 32 0 0 0 0 0 0 -52 0 44 -56 28 -28 64 -48 109 -113 96 -109 105 -129 109 -117 129 -80 101 0 84 -92 96 -105 105 -80 113 -141 137 -121 117 -137 113 -145 181 -133 96 -149 125 -101 149 -153 117 -189 121 -181 149 -145 125 -133 137 -129 173 -125 141 -117 145 -165 113 -113 109 -117 92 -117 125 -113 113 -105 153 -161 149 -165 177 -161 121 -113 125 -145 149 -169 125 -113 125 -117 88 -92 113 -121 210 -117 165 -149 137 -165 117 -117 68 -52 64 -84 48 -44 60 -121
-16 12 -28 32 -28 48 -16 36 -16 24 -16 28 -28 32 -12 0 0 24 -20 28 -8 48 -60 52 -52 16 -44 16 -44 36 -36 76 -60 80 -60 72 -76 72 -64 76 -16 8 -28 28 -24 16 -28 36 0 80 -32 12 -4 121 -238 185 -48 48 -941 1288 -1325
-16 8 -24 68 -72 68 -64 56 -56 64 -76 56 -44 52 -40 44 0 16 -12 0 -20 0 -4 -12 20 -16 36 -4 16 -20 44 -56 44 -24 28 -16 48 -40 84 -80 24 -56 60 0 0 0 0 0 0 0 0
-24 44 -24 40 -12 48 -28 16 -20 24 -8 12 -4 24 -8 12 4 20 -24 24 -20 48 -32 40 -36 36 -44 40 -32 44 -36 36 -16 20 -16 16 -12 12 -12 16 -28 36 -48 44 -36 56 -32 32 -28 48 -52 60 0 16 -16 28 -32 40 -60 56 -56 56 -64 64 -64 84 -76 80 -88 92 -84 92 -96 101 -101 101 -101 109 -101 197 -206 234 -234 234 -238 254 -250 262 -238 262 -258 335 -343 436 -464 472 -460
-24 44 -24 40 -12 48 -28 16 -20 24 -8 12 -4 24 -8 32 -48 32 -16 28 -40 64 -48 76 -48 60 -44 68 -56 68 -92 72 -92 92 -105 101 -92 96 -101 105 -101 92 -80 105 -80 96 -80 96 -92 88 -92 84 -96 92 -96 92 -105 105 -109 109 -105 109 -109 121 -109 121 -133 121 -133 145 -129 141 -137 133 -141 149 -145 137 -133 129 -129 145 -121 133 -129 129 -109 125 -133 149 -149 113 -149 129 -105 161 -153 125 -137 129 -161 169 -165 173 -169 173 -177 161 -181 173 -206 222 -246 282 -335 250 -230 379 -375 424 -428 420 -416 420 -404 428 -448 444 -468 460 -468 472 -480 557 -541 634 -533
8 8 0 4 0 8 32 -4 20 -40 12 -8 12 -8 20 -8 8 0 12 -24 8 -8 0 -4 4 -12 4 0 0 0 -4 0 0 0 0 20 -12 -4 -4 12 -16 20 -48 12 0 0 0 0 -36 0 -32 40 -40 32 -56 36 -56 72 -36 36 -36 48 -52 72 -68 68 -36 20 -56 48 -44 68 -96 96 -105 88 -88 80 -84 84 -96 84 -113 72 -72 68 -48 40 -48 72 -52 40 -44 40 -32 48 -40 36 -24 20 0 0 0
-24 24 -52 36 -20 44 -44 44 -20 52 -44 44 -20 20 -16 12 -16 -4 12 0 0 0 16 4 32 0 16 -4 28 0
-24 44 -24 40 -12 48 -28 16 -20 24 -8 12 -4 24 -8 12 -12 16 0 4 -8 4 -8 8 0 4 -12 0 0 -4 0 24 0 12 52 -24 60 -32 56 -36 24 -24 32 -40 32 -52 52 4 0 0 48 -52 64 -101 109 -137 189 -189 173 -101 197 -181 193 -214 218 -185 202 -189 202 -185 274 -359 416 -420 440 -189 581 -517 646 -707 860 -860 917 -1074
-16 8 -24 32 -36 28 0 -8 16 8 0 8 0 0 -4 8 -8 4 -16 12 0 24 -16 20 -16 36 -24 32 -32 24 -36 32 -40 36 -24 20 -8 24 -12 20 -16 28 -20 24 -24 24 0 0 -8 0 0 0 0 -12 20 0 64 -64 92 -92 101 -80 68 0 72 -72 141 -96 105 -137 153 -68 105 -113 84 -76 137 -153 113 -105 109 -101 76 -105 125 -113 101 -76 109 -125 96 -92 165 -129 145 -153 153 -145 157 -153 234 -193 222 -218 222 -214 210 -226 246 -250 258 -193 193 -185 210 -230 226 -206 202 -343 347 -501
-24 44 -24 40 -12 48 -28 16 -20 24 -8 12 -4 24 -8 12 4 -8 0 -4 0 20 12 36 -48 40 -32 32 -60 80 -40 64 -56 64 -68 80 -88 64 -92 96 -96 121 -76 76 -161 177 -169 177 -193 169 -189 206 -193 218 -238 222 -218 189 -230 234 -214 234 -242 226 -206 258 -274 254 -246 270 -294 319 -331 315 -323 319 -416 408 -387 387 -395 468 -521 545 -541 767 -707 783 -622
-24 44 -24 36 -36 20 -16 48 -28 28 -48 36 -48 52 -52 52 0 0 -36 28 -68 40 0 0 -8 12 -36 4 -8 0 4 0 -8 8 -4 0 0 4 0 -4 0 0 0 0 0 0 36 -40 44 -48 56 -44 72 -52 60 -76 44 -44 52 -40 44 -52 44 -32 40 -52 48 -32 56 -48 60 -64 52 -56 68 -72 76 -44 52 -56 64 -52 36 -56 32 -96 80 -92 113 -96 92 -141 92 -121 125 0 0 0 0 0 0 24 -20 0 0 0 -12 0
-16 8 -24 68 -72 80 -60 64 -56 60 -64 60 -36 68 -56 68 -72 60 -20 44 -8 28 -28 16 -40 16 0 0 0 0 8 -20 24 -40 16 -16 72 -60 56 -56 64 -60 76 -56 48 -64 52 -56 68 -64 72 -64 68 -64 76 -68 76 -76 68 -72 76 -76 76 -60 68 -64 68 -48 56 -52 44 -60 48 -56 52 -48 36 -56 56 -117 125 -141 121 -125 185 -161 222 -226 153 -282 294 -270 298 -286 290 -266 327 -367 375 -468 440 -400 448 -472 557 -391 618 -581 614 -606
-24 44 -24 40 -12 48 -28 16 -20 24 -8 12 -4 24 -8 32 -48 32 -16 28 -40 64 -48 76 -48 60 -44 68 -56 40 -36 68 -44 44 -52 60 -60 56 -60 84 -72 60 -56 56 -60 80 -88 84 -76 84 -76 76 -88 80 -96 96 -76 92 -88 84 -84 80 -96 92 -76 68 -72 80 -80 56 -68 76 -80 76 -60 80 -84 76 -76 84 -80 96 -68 88 -84 76 -84 80 -88 84 -84 84 -76 101 -80 80 -129 133 -129 185 -173 157 -185 153 -185 185 -197 238 -226 254 -254 234 -202
-24 24 -40 28 -36 40 -44 44 -44 52 -44 40 -52 44 -40 24 -24 4 -16 36 -36 36 -20 28 -20 16 -24 12 0 24 -8 20 0 0 -4 8 0 0 0 0 0 0 0 0 0 24 0 24 -24 40 -12 24 0 16 0 0 0 0 0 0 0 0 0 0 36 -32 48 -40 56 -68 96 -121 133 -92 96 -76 137 -133 157 -177 234 -218 161 -177 218 -210 210 -246 234 -185 169 -351 185 -250 416 -400 363 -424 424 -424 456 -452 545 -456 468 -460 464 -476 468 -480 602 -634 678 -715
-24 44 -24 40 -12 48 -28 16 -20 24 -8 12 -4 24 -8 12 4 -8 0 -4 0 20 12 -8 4 20 -16 48 -44 40 -28 52 -32 36 -24 40 -44 36 -52 48 -48 52 -56 48 -56 72 -60 60 -44 36 -44 60 -44 48 -48 48 -60 52 -48 60 -48 60 -52 52 -48 56 -52 56 -56 64 -76 56 -68 60 -64 72 -76 56 -129 64 -157 121 -141 161 -157 157 -161 161 -157 161 -157 197 -222 230 -193 206 -169 169 -177 218 -214 226 -226 218 -258 274 -262 274 -282 286 -290 359 -347 452 -404 359 -448 448 -517
-16 12 -12 32 -28 44 -28 40 -52 40 -44 44 -52 40 -40 44 12 -12 8 -20 0 -8 16 -4 8 -4 12 -8 28 0 20 -24 32 -12 16 -16 16 -20 32 -12 4 -12 40 -28 40 -48 68 -84 60 -64 76 -8 52 -60 60 -12 80 -60 230 -189 222 -250 262 -250 254 -242 246 -242 371 -375 472 -480 464 -476 484 -484 488 -529 549 -553 602 -585 622 -569 585 -610 727 -610
8 32 -28 16 -44 40 -48 40 -52 40 -44 44 -52 40 -40 44 -40 36 -32 40 -36 36 -32 44 -36 36 -28 36 -28 52 -32 44 -44 48 -44 40 -36 20 -12 16 -16 137 -68 0 -44 0 0 0 28 0 0 0 0 0 0 -36 0 0 0 0 0 -12 0 0 0 0 0 0 0 0 0 0 0 -12 0 -16 0 -4 12 -36 36 -32 24 -32 28 -8 28 -32 40 -32 28 -68 64 -117 109 -80 60 -68 48 -60 52 -52 72 -117 92 -101 80 -76 76 -64 68 -141 157 -141 105 -177 181 -109 173 -165 173 -165 311 -189 303 -254 311 -327 319 -323 513 -614 347 -602
-16 8 -24 32 -36 52 24 -8 12 0 24 16 16 -20 32 -12 12 -20 28 -24 20 -16 24 -28 28 -16 8 -12 8 -8 16 -12 4 -8
-16 12 -28 32 -28 32 -40 32 -36 52 -44 56 -48 52 -40 44 -32 28 -8 24 -12 8 -32 4 -16 28 -12 28 -24 28 -20 44 -44 24 -40 44 -40 48 -36 40 -44 44 -40 40 -40 44 -48 40 -52 48 -44 44 -44 40 -60 24 -56 68 -64 80 -52 96 -52 64 -40 48 -48 68 -48 68 -64 80 -60 60 -80 68 -88 80 -84 88 -80 84 -88 109 -72 88 -80 117 -133 129 -129 133 -149 141 -145 161 -169 157 -149 189 -169 177 -173 173 -169 169 -177 169 -193 181 -177 210 -169 181 -173 185 -181 189 -189 181 -206 193 -189 218 -202 258 -222 258 -258 266 -262 262 -266 307 -335 315 -339 408 -416 468 -468 428 -323 646 -412 501 -537 9545 -658 8433 -722
