28 -16 20 -12 8 -4 0 0 -4 12 16 4 -4 8 -8 20 -20 20 0 24 -24 20 -20 32 -28 32 -36 36 -28 28 -28 44 -32 56 -52 64 -64 56 -68 48 -72 80 -60 76 -72 76 -96 96 -68 68 -68 76 -84 125 -109 105 -113 117 -117 121 -121 133 -129 125 -133 125 -117 121 -121 125 -133 129 -125 133 -121 125 -133 141 -145 149 -129 173 -165 169 -165 141 -153 169 -185 165 -165 165 -189 250 -234 206 -214 202 -210 274 -270 315 -311 319 -311 327 -331 355 -282 315 -298 363 -355 331 -339 404 -412 472 -440 448 -448 444 -408 391 -359 387 -290 424 -412 440 -448 432 -448 448 -456 509 -456 456 -444 440 -448 541 -468 537 -541 541 -541 541 -537 533 -537 537 -517 517 -541 496 -533 541 -521 537 -448 476 -593 602 -602 573 -610 674 -634 650 -682 666 -634 597
-24 32 -36 96 -68 56 -56 56 -52 44 -44 84 -56 60 -64 72 -60 60 -68 56 -64 52 -56 48 -52 52 -48 40 -48 24 -16 0 0 0 0 0 0 0 0 4 0 0 0 0 0 0 0 0 24 -16 8 0 0 0 0 0 16 -28 52 -48 109 -76 96 -92 96 -92 165 -137 109 -133 177 -197 157 -185 165 -226 210 -298 387 -359 379 -412 359 -428 589 -787 569 -537 602
-24 32 -36 96 -68 56 -12 24 -36 32 -16 36 -28 8 -40 20 -8 20 0 16 -4 16 -12 16 -8 0 -40 0 -24 28 -8 16 -8 4 -8 12 -32 52 0 40 -24 52 -28 28 -16 12 -8 4 -12 12 -12 4 0 0 0 0 0 0 24 0 0 8 0 0 32 0 0 0 8 0 28 -56 28 -48 24 -28 56 -36 20 0 0 0 0 0 0 0 0 0 0 0 0 0 0 0 0 0 0 0 0 0 0 0 0 0 0 0
-24 84 -101 101 -88 88 -72 56 -64 80 -60 84 -64 72 -56 84 -72 76 -68 68 -60 64 -60 80 -72 68 -64 76 -48 52 -56 52 -52 56 -52 52 -44 52 -60 40 -32 40 -48 28 -24 36 -56 48 -48 36 -32 28 -28 32 -36 44 0 12 0 0 4 0 4 0 0 -8 0 0 24 -24 28 -24 36 -32 32 -28 28 -24 24 -24
-24 36 -28 44 -56 44 -28 36 -24 24 -12 32 -24 24 40 36 -44 44 -16 4 0 0 -12 0 0 36 -44 32 -24 32 -40 44 -36 40 -20 20 -24 20 -32 32 -24 8 0 48 -40 32 -36 4 0 0 0 0 0 0 0 0 0 0 16 -8 0 -12 0 0 0 -8 0 12 36 -20 20 -16 0 0 0 0 0 0 0 0 0 0 0 0 0 0 0 0 0 0 0 0 0 0
36 -52 40 12 -8 20 -16 8 -8 8 -4 4 -12 28 -16 0 0 0 20 -28 28 -32 48 -44 40 -44 56 -20 84 -52 40 -52 56 -56 64 -60 101 -88 153 -157 153 -169 189 -177 193 -88 137 -193 303 -226 210 -274 307 -315 282 -298 303 -327 311 -307 335 -315 335 -319 363 -351 404 -436 488 -492 606 -573 581 -606 933 -937 977 -937 1014 -1030 997
-24 32 -36 36 -36 32 28 -28 0 0 0 0 0 -4 0 16 -20 28 -16 20 0 4 0 0 0 0 8 0 0 0 16 0 0 4 -8 8 -4 8 0 0 0 0 0 8 -8 0 -12 0 -8 8 0 12 -12 8 -16 8 0 0 0 8 -8 0 0 0 0 12 0 0 0 0 0 0 0 0 0 0 0 0 0 0 0 0 0 0 0 0 0 0 0 0 0 0 0 0 0 4 -4 0 0 0 0 0 0 0 -4 0 0 0 0 0 0 0 0 0 0 0 0 0 0 4 -8 4 -8 4 -4 8 -12 8 0 0 0 0 0 0 0 0 0 0 0 8 0 8 -16 0 0 12 0 8 -12 12 0 0 0 20 0 8 -4 0 0 8 0 0 0 0 0 0 0 0 0 0 0 36 -12 24 0 16 0 0 0 0 0 0 0 0 0 0 0 0 0 0 -20 0 0 -20 4 -16 16 0 0 0 8 0 0 0 0 0 40 0 113 -222 145 -101 157 -113 121 -92 0 0 0 0 0 0 0 0 101 0 0 0 0 0 0 0 0 0 0 0 0 0 0 0 0 0 0 0 0
-24 56 -20 12 32 64 -40 48 8 -4 12 -20 4 -16 0 -8 16 -16 8 -8 16 -28 8 -4 0 0 12 0 16 -8 12 4 24 -20 16 -24 20 0 0 0 0 -8 0 -12 0 -8 0 -16 8 0 0 12 0 0 0 0 0 0 0 0 8 -44 0 0 0 0 0 0 32 0 8 0 0 0 0 0 0 0 0 0 0 0 0 0 0 0 0 0 0 0 0 0 0 0 0 0 0 0 0 0 0 0 0 0 0 0 0 0 0 0 0 0 0 0 0 0 0 0 0 0 0 0
36 -52 40 12 -24 16 -32 20 -24 20 -8 20 -28 24 -12 16 -8 24 -16 8 0 0 -24 16 -24 24 -12 12 -68 28 -32 40 -32 28 -32 48 -36 8 -28 44 -4 32 -36 20 0 28 -36 0 -20 16 -40 60 -48 20 -4 0 -12 36 -44 40 -32 40 -32 36 -44 48 -36 48 0 4 -24 24 -32 48 -20 12 -48 60 -60 44 -60 44 -44 44 -40 44 -60 64 -40 60 -72 52 -76 60 -68 72 -52 76 -88 101 -44 44 -76 0 -105 72 -72 101 -80 101 -92 137 -68 181 -165 165 -185 181 -193 234 -197 197 -206 238 -307 286 -177 311 -266 315 -303 262 -282 335 -343 379 -355 404 -359 395 -383 400 -408 383 -379 424 -420 452 -488 484 -488 513 -545 561 -501 549 -650 723 -723 1046 -727 727 -691 1155 -1337 1313
-12 16 -20 44 -28 16 -32 28 0 0 4 -4 -4 28 -44 52 -56 28 -36 24 -24 32 -24 36 -24 68 -16 36 0 36 -64 72 -101 105 -117 117 -113 113 -105 117 -109 121 -105 113 -121 121 -129 125 -113 101 -117 117 -113 101 -105 117 -105 105 -109 105 -117 113 -117 145 -137 153 -125 141 -141 153 -133 137 -129 161 -149 157 -165 161 -161 270 -319 367 -339 331 -303 408 -395 343 -391 460 -440 549 -581 658 -626 614 -634 662 -840 965 -1054 1309 -1204 1446 -1713 1765 -1430 1587
36 -40 32 20 -8 16 -8 24 -24 16 -16 20 -40 44 -48 36 -20 24 -24 32 -8 40 -12 0 0 0 -8 0 0 0 0 12 -16 32 -8 12 -20 16 -40 28 -36 40 -28 40 -40 40 -40 44 -16 12 -12 12 -12 16 -8 16 -12 8 -12 24 -24 24 -20 20 -28 24 -24 16 -20 24 -24 20 -16 28 -24 20 -20 20 -16 20 -16 28 -28 24 -20 20 -24 24 -20 24 -20 36 -20 20 -20 24 -24 20 -24 20 -20 24 -20 16 -28 16 -20 16 -24 48 -40 44 -40 32 -40 44 -32 36 -36 36 -28 40
-20 60 -84 80 -60 64 -68 68 -68 92 -68 64 -48 60 -52 48 -44 64 -48 60 -20 24 -20 12 -12 28 -4 24 -16 12 -12 32 -28 32 -16 24 -20 44 -40 44 -48 60 -28 36 -32 32 -40 36 -44 36 -40 48 -48 40 -40 40 -48 40 -40 40 -52 68 -44 48 -44 48 -60 68 -60 68 -60 60 -72 72 -60 60 -64 64 -64 64 -68 72 -68 68 -56 44 -60 60 -60 56 -52 76 -56 60 -60 80 -60 60 -80 56 -129 129 -32 153 -189 125 -214 218 -197 266 -226 242 -226 230 -230 246 -262 238 -266 250 -311 319 -250 290 -298 315 -319 294 -331 444 -436 436 -436 436 -436 436 -432 448 -436 444 -436 456 -428 424 -436 488 -436 468 -525 537 -537 545 -525 533 -533 541 -533 525 -541 541 -545 541 -557 557 -436 315
-20 16 -12 8 -16 24 -12 24 -24 20 -20 20 -8 12 -8 20 -16 16 -8 8 -12 8 -12 16 -12 12 -8 4 -4 0 -4 12 0 8 0 28 -28 28 -24 28 -16 20 -20 28 -32 44 -36 60 -52 52 -64 72 -101 80 -88 121 -133 149 -129 137 -109 125 -117 129 -149 145 -149 193 -173 185 -202 210 -210 242 -274 294 -294 294 -286 303 -278 327 -416 359 -347 391 -379 347 -339 375 -351 359 -347 371 -379 383 -351 375 -371 363 -355 367 -379 387 -383 387 -379 347 -367 363 -359 371 -371 371 -383 363 -375 404 -375 375 -383 440 -383 367 -375 404 -412 476 -420 424 -460 420 -488 509 -533 420 -488 468 -496 513 -565 597 -561 593 -610 614 -670 626
32 -16 16 -16 12 -4 -8 8 16 0 16 4 0 0 -8 4 -12 4 0 0 -8 16 0 -4 0 12 0 0 0 0 0 0 12 0 0 -24 20 4 8 -8 0 -4 0 -4 0 -32 60 -64 80 -24 40 -40 56 -60 72 -36 52 -40 52 0 125 -109 113 -80 109 -96 133 -88 129 -149 169 -149 145 -141 145 -145 141 -125 153 -165 161 -169 169 -169 165 -169 161 -169 165 -165 165 -165 165 -169 169 -165 165 -157 169 -165 169 -161 157 -169 169 -157 165 -165 157 -161 161 -165 165 -161 165 -165 161 -169 165 -161 169 -157 165 -165 161 -92 84 -76 28 -60 28 -16 48 -44 68 -48 48 -16 28 -24 16 -40 32 -48 56 -20 68 -44 24 -16 12 -44 28 0 24 0 28 -32 32 -16 52 -52 56 -40 44 0 0 -20 32 -56 0 0 48 0 28 0
-20 20 -16 72 -72 60 -20 32 -28 28 -28 24 -36 16 -28 48 -28 60 0 0 -12 4 -16 8 0 20 -16 36 -20 0 8 0 -20 20 4 0 16 4 4 0 24 0 12 -12 24 4 0 20 0 0 0 0 0 0 16 -24 0 -12 0 -8 0 0 0 0 -8 0 0 16 0 0 0 0 0 0 0 16 0 0 0 0 0 0 -16 4 0 0 0 8 0 20 0 0 0 0 0 0 40 -32 32 -24 8 0 0 -28 0 0 20 0 32 0 0 0 0 0 0 0 0 0 0 0 0 0 0 0 0 0 0 0 0 0 0 0 0 0
-20 113 -105 109 -96 92 -76 76 -68 68 -52 84 -64 64 -60 64 -60 68 -64 72 -72 60 -60 72 -64 56 -72 76 -84 72 -88 80 -96 76 -84 92 -92 117 -96 88 -84 84 -92 84 -88 88 -72 84 -72 84 -72 84 -92 105 -84 101 -92 129 -117 125 -129 137 -145 141 -141 157 -149 153 -141 157 -137 177 -157 177 -173 189 -185 189 -185 185 -189 202 -185 197 -185 185 -193 189 -202 218 -197 262 -230 290 -246 323 -250 351 -347 448 -432 315 -347 593 -573 581 -650 642 -715 884 -921 1236 -1090 1341 -1321 1082 -1317 1507
68 -40 40 16 -16 12 -16 4 0 16 -8 4 0 0 0 0 0 0 0 0 0 0 0 0 0 0 0 0 0 0 0 0 0
-12 28 -28 32 -32 28 12 0 8 -8 -4 0 0 8 -12 16 -16 8 -8 16 -12 12 -16 4 -20 20 -16 12 -24 20 -24 36 -16 28 -48 20 -64 56 -52 28 -48 40 -44 60 -44 56 -48 52 -48 44 -48 52 -48 36 -24 80 -72 141 -133 165 -157 157 -145 137 -157 153 -133 169 -177 185 -189 197 -165 206 -173 185 -145 169 -169 177 -202 307 -214 262 -278 315 -286 359 -424 371 -525 755 -610 1187 -840 832
-12 28 -28 64 -84 64 -64 72 -48 44 -36 68 -68 64 -44 56 -48 52 -52 32 -28 36 -36 40 -48 52 -32 44 -40 40 -36 48 -40 44 -40 68 -64 88 -80 76 -76 68 -68 76 -72 68 -68 72 -72 80 -80 76 -72 84 -72 64 -60 60 -52 56 -52 52 -52 60 -32 52 -52 52 -52 48 -36 44 -44 40 -48 48 -32 48 0 0 -4 0 0 28 -28 76 -52 68 0 28 0 0 -8 0 0 0 0 12 0 0 -20 0 0 0 0 24 0 0 -20 4 -16 0 -20 24 -8 141 -137 121 -105 105 -92 105 -113 105 -129 105 -109 113 -141 145 -149 145 -149 149 -165 173 -169 161 -173 169 -169 153 -165 153 -197 206 -210 210 -218 197 -206 222 -206 169 -193 202 -202 157 -222 185 -218 222 -218 214 -254 210 -222 189 -214 210 -234 254 -266 246 -254 254 -266 250 -250 250 -250 351 -327 307 -343 343 -351 311 -319 323 -323 323 -311 327 -315 339 -355 307 -327 343 -347 347 -359 355 -343 339 -355 327 -339 315 -343 347 -327 347 -347 343 -327 307 -339 339 -359 339 -363 351 -343 339 -359 367 -242 315 -343 347 -339 347 -359 298 -347 339 -343 359 -347 347 -343 335 -335 355 0 0
-16 28 -28 20 -32 36 4 4 12 -8 4 -4 12 -12 -4 0 24 -40 36 -28 36 -4 12 -16 -8 12 0 12 0 8 0 -4 4 4 -8 0 -12 0 -4 4 0 0 -8 8 0 0 0 0 0 12 -16 20 0 8 0 0 0 8 -8 24 -28 24 -24 16 -20 28 0 0 -8 0 0 0 0 0 0 0 0 0 0 0 0 0 0 0 0 0 0 8 0 0 -20 24 0 24 -52 24 0 0 0 40 0 206 0 210 -214 226 0 185 0 0 0 0 0 0 0 0 0 0 0 327 -331 339 -105 96
-24 48 -44 40 -28 40 -44 32 -44 28 -44 52 -48 44 0 0 -8 12 -20 4 -20 16 -16 36 -24 40 -36 52 -64 68 -68 64 -32 48 -32 40 -32 40 -40 36 0 4 -44 76 -101 113 -109 206 -250 246 -222 242 -230 218 -218 262 -303 371 -355 375 -319 274 -408 319 -343 440 -444 448 -424 460 -472 452 -460 476 -464 464 -484 476 -476 577 -448 561 -513 533 -541 686 -694 735 -779 727 -686 860 -832 977 -860 896 -860
-24 48 -36 48 -24 48 -40 44 -44 28 -20 40 -40 28 -24 8 -12 20 -12 4 0 8 -16 0 -28 52 0 28 20 36 -32 20 -24 24 -28 36 -16 16 -32 36 -20 12 -36 32 -20 24 -24 20 -24 20 -8 20 -32 48 -44 48 -40 32 -44 52 -48 52 -44 68 -64 68 -60 76 -60 60 -56 72 -60 80 -76 76 -60 48 -52 76 -28 0 0 28 -16 20 -40 36 -16 32 -40 28 -28 28 -24 28 -24 24
-24 48 -44 44 -20 28 0 24 -28 44 -48 52 -32 48 -52 56 -52 52 -44 52 -44 40 -44 48 -48 40 -28 40 -40 40 -40 40 -48 40 -36 40 -44 48 -52 68 -68 76 -44 72 -60 72 -64 64 -68 64 -64 68 -64 68 -64 60 -56 64 -68 56 -68 60 -60 64 -64 64 -56 60 -72 64 -60 60 -64 68 -52 56 -68 64 -68 68 -60 60 -68 52 -52 84 -68 56 -80 84 -72 101 -84 64 -76 56 -88 44 -56 64 -60 40 -52 56 -28 64 -56 56 -36 56 -40 32 -40 48 -60 60 -44 40 -60 40 -56 36 0
-12 28 -28 32 -32 28 -32 36 -48 48 -36 40 -24 36 -20 24 -24 36 -24 36 -24 24 -28 32 -12 20 -24 20 -16 20 -12 56 -20 0 -36 52 -44 44 -44 52 -44 40 -32 20 -40 48 -68 149 -137 113 -121 113 -206 185 -193 181 -193 189 -173 193 -193 189 -193 189 -218 238 -226 246 -234 254 -250 270 -278 274 -270 298 -290 294 -311 319 -311 323 -339 323 -339 387 -432 432 -496 480 -468 505 -440 533 -501 712 -670 735 -642 800 -545 565 -732
-24 48 -44 44 -12 20 -40 60 -44 52 -68 48 -40 52 -44 48 -44 44 -20 24 -28 40 -32 24 -28 32 -28 36 0 12 0 16 0 16 0 20 -32 28 -16 36 -36 24 -32 32 -20 32 -32 16 -28 28 -32 12 -16 12 -12 28 -24 12 -8 24 0 0 0 20 0 0 0 0 0 0 0 0
-24 72 -52 60 -28 64 -76 56 -52 44 -40 64 -44 56 -28 44 -44 48 -24 32 -36 4 -24 48 12 -36 -12 56 0 0 0 0 0 52 0 28 -4 16 -28 28 -12 28 -20 36 -20 16 -24 40 -16 28 -40 52 0 36 -8 28 -32 20 -36 20 -20 32 -36 32 -60 92 -36 28 -36 44 -44 44 -44 48 -44 44 -28 44 -48 44 -20 40 -40 28
-24 24 -28 32 -36 20 -28 32 -36 48 -40 44 -52 40 -4 24 -8 8 -12 4 12 8 -12 12 -20 0 -4 16 4 8 0 4 -12 8 -24 28 -24 40 -20 32 -24 24 -20 24 -24 40 -24 48 -44 60 -60 68 -52 64 -64 60 -68 72 -68 68 -72 68 -52 80 -84 101 -76 88 0 185 -137 169 -157 197 -121 218 -36 56 -64 80 -52 68 -64 72 -60 52 -68 84 -64 60 -64 68 -48 72 -68 84 -68 113 -117 125 -76 80 -68 92 -72 60 -68 60 -60 72 -88 76 -72 56 -96 92 -84 80 -96 109 -80 109 -105 109 -105 109 -117 117 -80 96 -96 121 -113 96 -105 153 -161 157 -177 157 -193 189 -177 181 -173 181 -173 238 -266 290 -266 286 -286 282 -278 278 -250 307 -290 290 -298 307 -206 206 -226 270 -367 400 -391
-12 28 -16 44 -32 56 -48 40 -40 40 -44 68 -68 40 -4 24 -8 20 -20 12 -24 28 -20 4 -12 0 0 0 0 0 0 0 0 0 24 0 0 0 0 -20 8
-24 24 -28 32 -16 44 -12 20 -20 28 -12 0 -16 20 4 8 16 4 4 -4 0 20 -4 -8 0 -12 -32 32 -36 48 -44 40 -40 48 -24 48 -76 92 -72 121 -121 117 -121 125 -133 117 -145 149 -149 157 -149 153 -153 153 -153 157 -153 161 -161 169 -189 185 -173 181 -173 189 -222 250 -202 307 -307 282 -294 286 -290 307 -311 335 -355 294 -294 416 -432 347 -420 464 -351 395 -383 359 -383 408 -420 476 -517 553 -545 610 -622 646 -646 654 -694 642 -682 658 -727 678 -816 763 -743 828 -820 844 -840 864 -892 921 -925 876 -1030 901 -1014 1668 -1353 1410 -1834 1886 -1987 3175 -8397
-24 24 -28 32 -16 44 -12 20 -20 28 -12 0 -16 20 4 8 -16 4 16 0 20 -12 0 32 -8 0 -12 4 0 12 4 0 0 -24 20 -16 12 -4 24 -32 16 -28 52 -16 28 -28 12 -24 24 -24 20 -8 12 -24 32 -36 28 -12 0 0 0 -8 8 -24 0 -16 12 -8 12 -24 8 -24 4 0 0 0 16 0 0 0 0 0 0 0 0 0 0 0 16 0 0 0 0 0 0 0 0 0 0 0 0 0 0 0 0 0 0 0 0 0 0 0 0 0 0 0 0 0 0 0 0 0 0 0 0 0 0 0 0 0 0 0 0 0 0
-16 20 -28 52 -40 36 -28 48 -40 40 -44 68 -68 40 -4 24 0 -4 12 -12 16 -12 0 0 0 -4 24 4 0 12 8 109 -88 96 -72 173 -169 165 -177 121 -84 129 -129 234 -169 173 -234 109 -226 311 -331 339 -339 351 -335 339 -343 355 -347
-24 24 -28 32 -16 44 -24 32 -48 80 -80 68 -72 76 -88 64 -60 72 -60 56 -60 48 -44 56 -40 36 -28 40 -28 12 0 36 0 0 0 0 0 0 0 0 0 0 0 -32 44 -4 0 0 28 -36 36 -28 44 -44 36 -48 40 -56 52 -72 72 -80 72 -52 88 -48 76 -56 64 -52 56 -60 48 -16 64 -48 36 -32 28 -72 56 -44 40 -32 44 -48 48 -24 60 -52 44 0
-16 0 -4 8 36 -8 24 -12 0 -8 12 -8 28 -12 20 -24 8 0 0 0 -12 0 -8 4 4 0 0 0 0 16 -8 16 -20 24 0 20 -8 20 -16 20 -20 8 -20
-12 28 -28 32 24 -24 16 0 8 40 -8 32 4 -16 0 -12 24 -24 8 0 0 16 -4 16 16 8 4 -4 12 -4 28 0 24 0 0 0 0 12 0
-24 24 -28 32 -16 44 -24 32 -24 20 8 -8 0 4 -12 0 36 -20 8 -8 32 -4 32 12 0 0 16 -16 40 -20 24 -16 48 -52 52 -40 64 -56 64 -64 72 -64 76 -64 84 -88 84 -96 129 -105 101 -109 129 -125 133 -153 165 -169 149 -161 145 -161 153 -157 169 -149 185 -169 177 -177 157 -197 133 -202 206 -197 193 -218 258 -226 270 -193 234 -234 234 -234 230 -238 222 -246 238 -258 262 -234 266 -246 222 -230 246 -270 270 -258 286 -274 274 -282 258 -270 274 -278 262 -270 270 -266 282 -294 282 -335 327 -323 355 -351 303 -278
-24 48 -44 40 -48 48 -40 48 -44 28 -44 52 -48 44 0 -4 -8 32 -28 20 -36 32 -28 24 -32 20 -8 20 0 0 -16 12 -20 28 -48 24 -24 16 -36 40 -48 56 -28 56 -36 40 -40 32 -20 40 -12 0 0 0 0 0 0 4 0 8 0 20 -16 28 -24 0 0 0 0 0 0 0 0 0 0 0 0 0 0 16 0 0 0 0 0 0 0 0 0 0 0 0 -20 24 -32 28 -28 36 -44 40 -28 24 -40 24 -24 24 -24 32 -32 32 0 0 0 20 0 32 -32 60 -56 64 -60 56 -56 60 -72 72 -76 72 -72 72 -72 72 -68 72 -72 72 -72 72 -72 68
-12 28 -20 56 -48 60 -28 48 -40 40 -36 68 -56 52 -56 44 -44 36 -28 36 -36 16 -24 8 0 0 12 -16 0 0 0 0 0 0 -12
-24 48 -44 40 -48 48 -40 48 -44 28 -44 52 -48 44 0 -4 -8 32 -28 20 -36 32 -28 24 -32 16 -24 36 -12 28 0 0 -16 24 -32 44 -28 44 -20 101 -28 40 -20 64 -48 56 -60 56 -56 72 -56 72 -72 84 -80 145 -141 157 -141 185 -173 189 -197 230 -282 282 -242 274 -331 371 -339 395 -379 416 -391 525 -383 501 -391 395 -375 452 -480 440 -521 553 -428 569 -561 622 -614
-20 16 -36 32 -48 28 -28 44 -32 28 -28 40 -48 36 -32 40 -44 60 -44 92 -76 92 -84 68 -68 56 -56 56 -56 44 -40 32 -44 40 -52 48 -52 48 -56 64 -56 60 -48 52 -64 80 -84 84 -84 88 -88 92 -92 96 -92 92 -92 92 -92 105 -101 92 -96 101 -96 101 -96 101 -84 92 -72 101 -88 96 -76 88 -80 68 -68 76 -68 68 -76 76 -80 80 -80 92 -105 68 -40 60 0 0 12 0 36 -32 32 -36 40 -32 28 -32 32 -28 32 -24 28 -28 20 -32 32 -32 24 -36 32 -32 36 -36 36 -28 36 -24 28 -28 32 -28 36 -28 32 -28 36 -28 28 -20 32 -24 20 -32 20 -28 32 -32 36 -36 32 -28 36 -36 28 -36 28 -32 20 -28 32 -24 32 -24 36 -32 32 -36 36 -32 24 -20 24 -32 32 -24 20 -32 32 -36 28 -32 32 -24 24 -28 16 -28 24 -40 36 -36 24 -28 28 -44 56 -52 52 -52 64 -56 56 -52 76 -72 96 -96 117 -109 125 -117 113 -129 133 -117 145 -133 133 -153 161 -141 185 -185 206 -218 238 -230 214 -214 222 -197 226 -193 226 -218 230 -234 234 -206 230 -238 238 -254 246 -250 250 -250 254 -262 496 -400 424 -585 698 -569
-12 28 -28 32 -32 44 -44 48 -40 40 -44 68 -68 40 -4 28 -28 16 -4 12 -8 28 -40 24 -12 28 -16 16 -20 24 -20 28 -32 60 -32 72 -48 44 -56 68 -60 16 -80 60 0 0 0 36 -16 0 -20 0 0 8 -109 133 -113 80 0 0 -8 125 -109 125 -105 96 -101 133 -109 96 -113 133 -117 133 -109 129 -121 121 -133 137 -133 105 -117 109 -121 92 -121 105 -117 121 -133 193 -117 80 -161 149 -76 133 -64 92 -121 96 -84 105 -101 105 -60 113 -117 125 -117 113 -137 129 -125 133 -84 129 -125 117 -96 105 -44 0 0 0 0
-24 48 -44 44 -12 20 -40 36 -44 76 -60 68 -36 44 -32 56 -52 48 -48 48 -24 48 -48 56 -40 40 -36 48 -32 40 -44 48 -36 56 -44 36 -44 36 -16 32 -20 36 -16 20 -24 48 -40 52 -44 40 -36 40 -20 16 -12 0 -24 16 -12 16 0 12 0 0 0 4 -12 8 -8 0 -16 0 -20 40 0 16 0 44 -16 0 0 44 0 0 0 0 0 0 0 0 0 0 0 0 0 0 0 0 0 0 0 0 0 0 0 0 0 0 0 0 0 0 0 0 0 0 0 0
-24 24 -28 32 -16 44 -12 20 -20 28 -12 0 -16 20 4 20 -28 48 -20 16 -36 72 -32 20 -36 40 -52 56 -56 48 -36 44 -40 32 -52 68 -56 76 -60 68 -68 68 -60 52 -64 64 -56 76 -68 56 -48 56 -44 0 -4 0
-24 24 -28 32 -16 44 -12 20 -20 36 -48 36 -12 12 -4 20 -32 24 -32 40 -20 24 -16 28 -12 16 -28 24 -32 28 -28 36 -36 28 -40 40 0 12 -4 20 -8 8 -16 0 -12 20 0 24 0 44 -28 16 -32 44 -68 64 -44 60 -48 68 -44 44 -56 92 -88 72 -60 84 -92 96 -101 101 -96 84 -92 72 -96 84 -113 105 -117 133 -92 125 -113 129 -129 125 -105 149 -145 133 -129 149 -137 141 -153 157 -137 169 -125 153 -149 157 -149 141 -161 133 -157 153 -145 157 -117 145 -161 161 -165 157 -181 169 -161 165 -177 202 -193 206 -185 202 -177 173 -193 185 -197 193 -214 189 -189 210 -189 177 -189 206 -189 218 -185 202 -234 226 -206 222 -250 262 -234 303 -311 335 -331 331 -335 327 -395 339 -412 468 -408 480 -395 448 -488 456 -464 472 -577 597 -521 618 -589 577 -690 589 -674 783 -783
-12 28 -28 32 -24 36 -28 48 -40 40 -44 68 -68 40 -4 28 -28 16 -4 12 -8 28 8 12 0 0 -4 0 20 -20 40 -44 40 -48 56 -52 121 -113 137 -129 153 -149 177 -153 165 -165 278 -282 246 -262 327 -347 363 -331 311 -347 359 -404 371 -448 391 -412 492 -452 472 -513 585 -593 622 -646
8 8 0 4 32 -28 12 -16 8 -4 20 -20 16 -32 20 -8 8 -12 12 0 4 0 0 -8 12 0 0 16 0 0 0 0 -8 8 0 12 -12 8 0 40 8 0 0 8 -24 16 0 16 0 0 0 -12 24 -24 12
-24 44 -24 40 -12 48 -28 16 -20 24 -8 12 -4 24 -12 32 -20 32 -20 40 -24 28 -12 12 -40 32 -28 44 -36 36 -36 48 -32 36 -48 20 -28 40 -44 24 -36 32 -32 40 -24 40 -36 40 -24 32 -36 32 -32 40 -40 40 -32 44 -40 40 -40 48 -56 48 -32 40 -48 36 -36 36 -32 44 -40 48 -52 44 -36 36 0 36 -36 24 -40 32 -36 60 -32 36 -36 32 -36 36 -28 36 0 36 -28 28 -24 16 -28 16 -36 40 0 0 0 0 0 16 -36 28 -36 20 -40 24 -36 16 -36 32 -44 24 -32 24 -24 32 -28 24 -44 28 -44 36 -16 28 -32 28 -40 44 -40 36 -40 44 -36 44 -40 32 -28 44 -36 36 -48 36 -28 56 -40 40 -36 40 -36 40 -44 56 -36 24 -40 36 -36 40 -36 24 -28 36 -16 16 -48 40 -40 36 -52 40 -52 36 -40 44 -48 44 -52 40 -44 52 -40 44 -48 44 -36 40 -40 44 -36 44 -48 36 -40 44 -44 40 -32 44 -52 44
-24 44 -24 40 -12 48 -28 16 -20 24 -8 12 -4 24 -8 12 -12 16 0 4 -8 4 -8 8 0 4 0 -12 4 0 -16 16 0 -24 20 -24 12 -4 28 -4 32 -40 36 -52 32 -32 40 -28 56 -24 60 -68 68 -56 52 -64 72 -80 60 -72 68 -72 88 -84 109 -92 173 -141 185 -153 129 -149 189 -226 294 -218 181 -197 214 -161 206 -177 185 -254 185 -270 210 -319 303 -331 294 -242 331 -323 379 -408 408 -412 416 -501 517 -565
-16 8 -24 56 -48 44 -28 40 -52 40 -56 44 -48 48 -28 28 -36 56 -12 40 -36 48 -28 40 -28 28 -4 32 -16 12 -20 16 0 48 -52 72 0 16 -8 32 0 72 -56 4 -56 28 -105 125 -40 76 -105 92 -113 105 -101 101 -137 133 -129 129 -129 137 -137 145 -129 137 -145 145 -137 177 -153 129 -165 181 -145 145 -169 137 -129 113 -133 149 -161 153 -133 149 -145 129 -149 153 -157 165 -153 165 -169 165 -161 161 -137 218 -169 189 -189 290 -311 298 -274 290 -298 303 -270 303 -298 355 -367 367 -323 355 -367 420 -573 496 -549 557 -589 569 -670 581 -557 698 -670 836 -1478 1684 -1987 7708 -8428 9034 -9039
-24 24 -40 56 -20 48 -8 24 -36 16 -28 0 0 28 -48 0 -16 60 -24 16 -16 40 -20 24 -16 20 -32 40 -12 28 -20 88 -56 68 -72 60 -64 60 -76 72 -84 88 -68 84 -80 88 -48 44 -24 44 -44 44 -44 32 -44 36 -40 44 -28 8 -20 8 -8 12 0 0 0 1202 0 0 0 355 0 335 0 0 0 0
-24 44 -24 40 -12 48 -28 44 -28 84 -84 64 -72 72 -64 68 -72 76 -68 84 -68 80 -56 60 -44 72 -72 80 -56 60 -36 76 -12 28 -48 40 -40 40 -16 12 -12 28 -28 28 -28 0 -8 12 0 0 0 0 0 0 105 0 56 -48 48 0 52 -28 16 0 0 0 0 0 0 0 0 0 0 0
-16 12 -28 32 -28 32 -40 32 -36 40 -36 48 -48 52 -40 44 -28 24 -32 40 -48 40 -24 44 -40 36 -32 36 -32 32 -24 28 -20 8
-24 44 -24 40 -12 48 -28 16 -20 24 -8 12 -4 24 -8 32 -48 32 -16 28 -40 64 -48 76 -48 60 -44 68 -56 88 -80 101 -88 92 -88 101 -88 84 -84 88 -92 72 -60 88 -80 84 -76 80 -68 88 -92 92 -105 113 -92 101 -88 96 -117 101 -88 101 -92 88 -101 117 -96 109 -129 133 -125 129 -129 121 -149 161 -149 169 -153 161 -161 157 -169 189 -181 197 -169 177 -230 222 -254 250 -230 286 -298 359 -355 311 -363 379 -343 400 -412 412 -440 464 -464 464 -484 513 -541 581 -565 581 -537 759 -577
-24 24 -40 28 -36 40 -44 44 -44 52 -44 44 -20 20 -16 12 0 0 -8 -4 32 28 36 -28 36 0 32 -28 36 -16 48 -40 20 -32 40 -16 32 -52 48 -48 52 -52 64 -44 72 -68 56 -56 60 -60 68 -60 68 -84 113 -105 52 -92 109 -105 109 -145 121 -173 169 -173 197 -165 210 -222 202 -210 226 -218 218 -242 246 -218 274 -262 270 -270 270 -282 290 -298 319 -319 307 -351 343 -347 347 -343 351 -359 448 -472 505 -492 492 -484 513 -561 573 -703 751 -779 763 -917
-16 8 -24 32 -36 28 0 -8 16 8 0 8 0 0 12 -12 8 0 8 -16 12 -4 8 -8 16 -12 8 0 12 -4 0 0 12 -4 12 -12 4 0 4 -8 16 -4 4 4 0 0 0 20 -8 36 -24 28 -32 52 -48 56 -8 0 0 56 0 0 16 72 16 80 -101 105 -88 84 -101 105 -96 92 -117 113 -113 101 -101 121 -80 88 -84 64 -80 76 -28 92 -76 80 -121 0 -125 137 -226 238 -210 197 -189 230 -246 210 -246 311 -331 420 -371 416 -375 387 -416 408 -424 428 -416 424 -420 408 -440
-24 44 -24 40 -12 48 -28 16 -20 24 -8 12 -4 24 -8 32 -8 -4 8 0 0 12 -16 8 -20 12 -12 12 -8 8 0 16 0 16 0 24 0 24 0 0 -12 0 0 48 0 0 16 36 -28 44 -24 12 -24 0 0 28 0 12 0 0 0 0 -12 0 -24 4 -8 32 0 0 0 0 0 0 -52 0 44 -56 28 -28 64 -48 109 -113 96 -109 105 -129 109 -117 129 -80 101 0 84 -92 96 -105 105 -80 113 -141 137 -121 117 -137 113 -145 181 -133 96 -149 125 -101 149 -153 117 -189 121 -181 149 -145 125 -133 137 -129 173 -125 141 -117 145 -165 113 -113 109 -117 92 -117 125 -113 113 -105 153 -161 149 -165 177 -161 121 -113 125 -145 149 -169 125 -113 125 -117 88 -92 113 -121 210 -117 165 -149 137 -165 117 -117 68 -52 64 -84 48 -44 60 -121
-16 12 -28 32 -28 48 -16 36 -16 24 -16 28 -28 32 -12 0 0 24 -20 28 -8 48 -60 52 -52 16 -44 16 -44 36 -36 76 -60 80 -60 72 -76 72 -64 76 -16 8 -28 28 -24 16 -28 36 0 80 -32 12 -4 121 -238 185 -48 48 -941 1288 -1325
-16 8 -24 68 -72 68 -64 56 -56 64 -76 56 -44 52 -40 44 0 16 -12 0 -20 0 -4 -12 20 -16 36 -4 16 -20 44 -56 44 -24 28 -16 48 -40 84 -80 24 -56 60 0 0 0 0 0 0 0 0
-24 44 -24 40 -12 48 -28 16 -20 24 -8 12 -4 24 -8 12 4 20 -24 24 -20 48 -32 40 -36 36 -44 40 -32 44 -36 36 -16 20 -16 16 -12 12 -12 16 -28 36 -48 44 -36 56 -32 32 -28 48 -52 60 0 16 -16 28 -32 40 -60 56 -56 56 -64 64 -64 84 -76 80 -88 92 -84 92 -96 101 -101 101 -101 109 -101 197 -206 234 -234 234 -238 254 -250 262 -238 262 -258 335 -343 436 -464 472 -460
-24 44 -24 40 -12 48 -28 16 -20 24 -8 12 -4 24 -8 32 -48 32 -16 28 -40 64 -48 76 -48 60 -44 68 -56 68 -92 72 -92 92 -105 101 -92 96 -101 105 -101 92 -80 105 -80 96 -80 96 -92 88 -92 84 -96 92 -96 92 -105 105 -109 109 -105 109 -109 121 -109 121 -133 121 -133 145 -129 141 -137 133 -141 149 -145 137 -133 129 -129 145 -121 133 -129 129 -109 125 -133 149 -149 113 -149 129 -105 161 -153 125 -137 129 -161 169 -165 173 -169 173 -177 161 -181 173 -206 222 -246 282 -335 250 -230 379 -375 424 -428 420 -416 420 -404 428 -448 444 -468 460 -468 472 -480 557 -541 634 -533
8 8 0 4 0 8 32 -4 20 -40 12 -8 12 -8 20 -8 8 0 12 -24 8 -8 0 -4 4 -12 4 0 0 0 -4 0 0 0 0 20 -12 -4 -4 12 -16 20 -48 12 0 0 0 0 -36 0 -32 40 -40 32 -56 36 -56 72 -36 36 -36 48 -52 72 -68 68 -36 20 -56 48 -44 68 -96 96 -105 88 -88 80 -84 84 -96 84 -113 72 -72 68 -48 40 -48 72 -52 40 -44 40 -32 48 -40 36 -24 20 0 0 0
-24 24 -52 36 -20 44 -44 44 -20 52 -44 44 -20 20 -16 12 -16 -4 12 0 0 0 16 4 32 0 16 -4 28 0
-24 44 -24 40 -12 48 -28 16 -20 24 -8 12 -4 24 -8 12 -12 16 0 4 -8 4 -8 8 0 4 -12 0 0 -4 0 24 0 12 52 -24 60 -32 56 -36 24 -24 32 -40 32 -52 52 4 0 0 48 -52 64 -101 109 -137 189 -189 173 -101 197 -181 193 -214 218 -185 202 -189 202 -185 274 -359 416 -420 440 -189 581 -517 646 -707 860 -860 917 -1074
-16 8 -24 32 -36 28 0 -8 16 8 0 8 0 0 -4 8 -8 4 -16 12 0 24 -16 20 -16 36 -24 32 -32 24 -36 32 -40 36 -24 20 -8 24 -12 20 -16 28 -20 24 -24 24 0 0 -8 0 0 0 0 -12 20 0 64 -64 92 -92 101 -80 68 0 72 -72 141 -96 105 -137 153 -68 105 -113 84 -76 137 -153 113 -105 109 -101 76 -105 125 -113 101 -76 109 -125 96 -92 165 -129 145 -153 153 -145 157 -153 234 -193 222 -218 222 -214 210 -226 246 -250 258 -193 193 -185 210 -230 226 -206 202 -343 347 -501
-24 44 -24 40 -12 48 -28 16 -20 24 -8 12 -4 24 -8 12 4 -8 0 -4 0 20 12 36 -48 40 -32 32 -60 80 -40 64 -56 64 -68 80 -88 64 -92 96 -96 121 -76 76 -161 177 -169 177 -193 169 -189 206 -193 218 -238 222 -218 189 -230 234 -214 234 -242 226 -206 258 -274 254 -246 270 -294 319 -331 315 -323 319 -416 408 -387 387 -395 468 -521 545 -541 767 -707 783 -622
-24 44 -24 36 -36 20 -16 48 -28 28 -48 36 -48 52 -52 52 0 0 -36 28 -68 40 0 0 -8 12 -36 4 -8 0 4 0 -8 8 -4 0 0 4 0 -4 0 0 0 0 0 0 36 -40 44 -48 56 -44 72 -52 60 -76 44 -44 52 -40 44 -52 44 -32 40 -52 48 -32 56 -48 60 -64 52 -56 68 -72 76 -44 52 -56 64 -52 36 -56 32 -96 80 -92 113 -96 92 -141 92 -121 125 0 0 0 0 0 0 24 -20 0 0 0 -12 0
-16 8 -24 68 -72 80 -60 64 -56 60 -64 60 -36 68 -56 68 -72 60 -20 44 -8 28 -28 16 -40 16 0 0 0 0 8 -20 24 -40 16 -16 72 -60 56 -56 64 -60 76 -56 48 -64 52 -56 68 -64 72 -64 68 -64 76 -68 76 -76 68 -72 76 -76 76 -60 68 -64 68 -48 56 -52 44 -60 48 -56 52 -48 36 -56 56 -117 125 -141 121 -125 185 -161 222 -226 153 -282 294 -270 298 -286 290 -266 327 -367 375 -468 440 -400 448 -472 557 -391 618 -581 614 -606
-24 44 -24 40 -12 48 -28 16 -20 24 -8 12 -4 24 -8 32 -48 32 -16 28 -40 64 -48 76 -48 60 -44 68 -56 40 -36 68 -44 44 -52 60 -60 56 -60 84 -72 60 -56 56 -60 80 -88 84 -76 84 -76 76 -88 80 -96 96 -76 92 -88 84 -84 80 -96 92 -76 68 -72 80 -80 56 -68 76 -80 76 -60 80 -84 76 -76 84 -80 96 -68 88 -84 76 -84 80 -88 84 -84 84 -76 101 -80 80 -129 133 -129 185 -173 157 -185 153 -185 185 -197 238 -226 254 -254 234 -202
-24 24 -40 28 -36 40 -44 44 -44 52 -44 40 -52 44 -40 24 -24 4 -16 36 -36 36 -20 28 -20 16 -24 12 0 24 -8 20 0 0 -4 8 0 0 0 0 0 0 0 0 0 24 0 24 -24 40 -12 24 0 16 0 0 0 0 0 0 0 0 0 0 36 -32 48 -40 56 -68 96 -121 133 -92 96 -76 137 -133 157 -177 234 -218 161 -177 218 -210 210 -246 234 -185 169 -351 185 -250 416 -400 363 -424 424 -424 456 -452 545 -456 468 -460 464 -476 468 -480 602 -634 678 -715
-24 44 -24 40 -12 48 -28 16 -20 24 -8 12 -4 24 -8 12 4 -8 0 -4 0 20 12 -8 4 20 -16 48 -44 40 -28 52 -32 36 -24 40 -44 36 -52 48 -48 52 -56 48 -56 72 -60 60 -44 36 -44 60 -44 48 -48 48 -60 52 -48 60 -48 60 -52 52 -48 56 -52 56 -56 64 -76 56 -68 60 -64 72 -76 56 -129 64 -157 121 -141 161 -157 157 -161 161 -157 161 -157 197 -222 230 -193 206 -169 169 -177 218 -214 226 -226 218 -258 274 -262 274 -282 286 -290 359 -347 452 -404 359 -448 448 -517
-16 12 -12 32 -28 44 -28 40 -52 40 -44 44 -52 40 -40 44 12 -12 8 -20 0 -8 16 -4 8 -4 12 -8 28 0 20 -24 32 -12 16 -16 16 -20 32 -12 4 -12 40 -28 40 -48 68 -84 60 -64 76 -8 52 -60 60 -12 80 -60 230 -189 222 -250 262 -250 254 -242 246 -242 371 -375 472 -480 464 -476 484 -484 488 -529 549 -553 602 -585 622 -569 585 -610 727 -610
8 32 -28 16 -44 40 -48 40 -52 40 -44 44 -52 40 -40 44 -40 36 -32 40 -36 36 -32 44 -36 36 -28 36 -28 52 -32 44 -44 48 -44 40 -36 20 -12 16 -16 137 -68 0 -44 0 0 0 28 0 0 0 0 0 0 -36 0 0 0 0 0 -12 0 0 0 0 0 0 0 0 0 0 0 -12 0 -16 0 -4 12 -36 36 -32 24 -32 28 -8 28 -32 40 -32 28 -68 64 -117 109 -80 60 -68 48 -60 52 -52 72 -117 92 -101 80 -76 76 -64 68 -141 157 -141 105 -177 181 -109 173 -165 173 -165 311 -189 303 -254 311 -327 319 -323 513 -614 347 -602
-16 8 -24 32 -36 52 24 -8 12 0 24 16 16 -20 32 -12 12 -20 28 -24 20 -16 24 -28 28 -16 8 -12 8 -8 16 -12 4 -8
-16 12 -28 32 -28 32 -40 32 -36 52 -44 56 -48 52 -40 44 -32 28 -8 24 -12 8 -32 4 -16 28 -12 28 -24 28 -20 44 -44 24 -40 44 -40 48 -36 40 -44 44 -40 40 -40 44 -48 40 -52 48 -44 44 -44 40 -60 24 -56 68 -64 80 -52 96 -52 64 -40 48 -48 68 -48 68 -64 80 -60 60 -80 68 -88 80 -84 88 -80 84 -88 109 -72 88 -80 117 -133 129 -129 133 -149 141 -145 161 -169 157 -149 189 -169 177 -173 173 -169 169 -177 169 -193 181 -177 210 -169 181 -173 185 -181 189 -189 181 -206 193 -189 218 -202 258 -222 258 -258 266 -262 262 -266 307 -335 315 -339 408 -416 468 -468 428 -323 646 -412 501 -537 9545 -658 8433 -722
